self_labels_col
51522935
















































51536491

















































51543845

















































51560047

















































51576753

















































51592150

















































51602750

















































51606493

















































51613417

















































51624650

















































51631750

















































51635232

















































51649280

















































51655651

















































51658477

















































51662652

















































51666439

















































51670776

















































51677632

















































51684850

















































51696049

















































51719340

















































51728216

















































51735463

















































51742230

















































51754668

















































51760995

















































51774694

















































51787852

















































51810804

















































51817687

















































51826033

















































51837779

















































51846144

















































51853167







































